00001 1900	103.22
00001 1902	15.589999999999996
00001 1904	-36.01
00001 1906	375.09000000000003
00001 1908	196.89999999999998
00001 1911	334.67
00001 1913	33.18
00001 1915	64.06
00001 1917	235.54000000000002
00001 1919	219.10999999999999
00001 1920	218.44
00001 1922	57.0
00001 1924	130.14
00001 1926	247.26
00001 1928	44.269999999999996
00001 1931	146.82999999999998
00001 1933	92.6
00001 1935	44.23
00001 1937	387.81
00001 1939	371.34000000000003
00001 1940	263.99
00001 1942	282.67
00001 1944	146.19
00001 1946	99.58999999999999
00001 1948	50.12
00001 1951	-47.18
00001 1953	199.29000000000002
00001 1955	193.97
00001 1957	148.2
00001 1959	-10.07
00001 1960	52.89
00001 1962	171.19000000000003
00001 1964	180.29000000000002
00001 1966	1.440000000000012
00001 1968	22.2
00001 1971	78.94
00001 1973	121.47
00001 1975	147.55
00001 1977	90.61000000000001
00001 1979	108.94
00001 1980	-6.33
00001 1982	118.7
00001 1984	114.80999999999999
00001 1986	175.79000000000002
00001 1988	141.43
00001 1991	61.14
00001 1993	30.56
00001 1995	117.25
00001 1999	317.42999999999995
00001 2002	62.56
00001 2004	121.03
00001 2006	9.14
00001 2008	101.53999999999999
00003 1900	145.56
00003 1902	63.58
00003 1904	183.35999999999999
00003 1906	55.66
00003 1908	-15.5
00003 1911	95.94
00003 1915	67.28
00003 1917	-65.05000000000001
00003 1919	168.64
00003 1920	61.58
00003 1924	188.10999999999999
00003 1926	80.39
00003 1928	81.45
00003 1931	30.69
00003 1933	-37.1
00003 1937	66.31
00003 1939	147.94
00003 1940	59.47
00003 1942	-31.31
00003 1944	93.39
00003 1946	131.49
00003 1948	15.24
00003 1951	163.69
00003 1953	10.650000000000013
00003 1955	26.19
00003 1959	70.18
00003 1960	165.8
00003 1962	66.77
00003 1964	-4.68
00003 1966	72.57
00003 1968	-47.919999999999995
00003 1971	35.52
00003 1973	175.8
00003 1975	24.33
00003 1977	95.73
00003 1979	11.64
00003 1980	64.53
00003 1982	3.7300000000000004
00003 1984	12.0
00003 1986	99.89
00003 1988	139.61
00003 1991	94.55
00003 1993	172.89
00003 1995	28.61
00003 1997	53.42
00003 1999	78.04
00003 2000	-36.37
00003 2002	140.64
00003 2004	149.81
00003 2006	24.619999999999997
00003 2008	34.23
00004 1901	93.8
00004 1903	145.57
00004 1905	149.69
00004 1907	-36.63
00004 1909	108.03999999999999
00004 1910	29.25
00004 1912	125.86999999999999
00004 1914	2.0600000000000023
00004 1916	20.71
00004 1918	54.77
00004 1921	51.25
00004 1923	138.68
00004 1925	-14.54
00004 1930	84.89
00004 1932	92.25999999999999
00004 1934	95.63
00004 1936	51.37
00004 1938	-32.4
00004 1941	18.990000000000002
00004 1943	79.44
00004 1945	60.52
00004 1949	-25.07
00004 1950	92.64999999999999
00004 1952	40.02
00004 1954	123.89000000000001
00004 1956	-38.99
00004 1961	92.43
00004 1963	232.6
00004 1965	51.089999999999996
00004 1967	247.24
00004 1969	21.03
00004 1970	41.59
00004 1972	-18.939999999999998
00004 1974	-0.52
00004 1976	17.25
00004 1978	58.53000000000001
00004 1981	243.73000000000002
00004 1983	-41.97
00004 1985	7.619999999999999
00004 1987	-20.87
00004 1989	-41.480000000000004
00004 1992	113.03
00004 1994	90.05
00004 1996	77.24000000000001
00004 1998	125.65
00004 2001	-21.99
00004 2003	54.349999999999994
00004 2005	-18.03
00004 2007	168.77
00004 2009	88.7
00005 1900	156.31
00005 1902	259.94
00005 1904	417.17999999999995
00005 1906	73.79
00005 1908	199.28
00005 1911	298.32
00005 1913	399.01
00005 1915	105.29999999999998
00005 1917	278.46999999999997
00005 1919	296.55
00005 1920	185.34999999999997
00005 1922	198.01999999999998
00005 1924	126.47999999999999
00005 1926	157.20999999999998
00005 1928	174.21
00005 1931	16.50999999999999
00005 1933	64.47
00005 1935	461.95000000000005
00005 1937	247.25
00005 1939	137.73000000000002
00005 1940	-44.70999999999999
00005 1942	562.4499999999999
00005 1944	81.28
00005 1946	530.46
00005 1948	115.0
00005 1951	145.38
00005 1953	80.46000000000001
00005 1955	229.23000000000002
00005 1957	156.16
00005 1959	397.16999999999996
00005 1960	9.150000000000006
00005 1962	343.09999999999997
00005 1964	158.81
00005 1966	247.4
00005 1968	109.13999999999999
00005 1971	237.93
00005 1973	109.3
00005 1975	420.65000000000003
00005 1977	137.53
00005 1979	122.94
00005 1980	278.04999999999995
00005 1982	301.15000000000003
00005 1984	248.84999999999997
00005 1986	150.6
00005 1988	283.78000000000003
00005 1991	72.36
00005 1993	136.16
00005 1995	104.87
00005 1997	274.93
00005 1999	110.12
00005 2000	131.21
00005 2002	65.28
00005 2004	34.83999999999999
00005 2006	110.56
00005 2008	217.26000000000005
00006 1901	32.81
00006 1903	347.81
00006 1905	410.65999999999997
00006 1907	183.50000000000003
00006 1909	95.49
00006 1910	488.87
00006 1912	166.05
00006 1914	352.41
00006 1916	70.66
00006 1918	190.04999999999998
00006 1921	271.03
00006 1923	253.74
00006 1925	135.84
00006 1927	106.95
00006 1929	368.14000000000004
00006 1930	218.71999999999997
00006 1932	535.3
00006 1934	116.28
00006 1936	82.47
00006 1938	166.45999999999998
00006 1941	351.18
00006 1943	261.71999999999997
00006 1945	222.32000000000002
00006 1947	125.57000000000001
00006 1949	356.53
00006 1950	315.33
00006 1952	216.57999999999998
00006 1954	85.10999999999999
00006 1956	59.269999999999996
00006 1958	361.23999999999995
00006 1961	274.58000000000004
00006 1963	278.53000000000003
00006 1965	98.25000000000001
00006 1967	118.72999999999999
00006 1969	164.16
00006 1970	222.62
00006 1972	160.92000000000002
00006 1974	231.13
00006 1976	124.11999999999999
00006 1978	406.24999999999994
00006 1981	106.17999999999999
00006 1983	230.93
00006 1985	249.44
00006 1987	310.35
00006 1989	105.44999999999999
00006 1990	161.17
00006 1992	75.21000000000001
00006 1994	335.84
00006 1996	432.46000000000004
00006 1998	261.70000000000005
00006 2001	-9.7
00006 2003	30.669999999999998
00006 2005	190.86
00006 2007	230.42
00006 2009	224.82
00007 1900	183.11
00007 1902	14.79
00007 1904	337.45
00007 1906	44.17999999999999
00007 1908	39.07
00007 1911	178.67000000000002
00007 1913	249.32
00007 1915	49.25
00007 1917	41.10000000000001
00007 1919	133.42000000000002
00007 1920	394.96
00007 1922	85.58
00007 1924	71.18
00007 1926	52.45000000000001
00007 1928	177.35999999999996
00007 1931	140.60999999999999
00007 1933	284.96999999999997
00007 1935	296.81
00007 1937	87.73
00007 1939	50.05
00007 1940	66.98
00007 1942	85.10000000000001
00007 1944	32.10000000000001
00007 1946	146.05
00007 1948	3.740000000000002
00007 1951	46.13
00007 1953	325.42
00007 1955	112.44999999999999
00007 1957	220.32999999999998
00007 1959	152.14
00007 1960	203.25
00007 1962	185.18
00007 1964	108.09
00007 1966	203.98000000000002
00007 1968	146.88
00007 1971	251.17000000000002
00007 1973	103.04000000000002
00007 1975	82.38999999999999
00007 1977	189.82000000000002
00007 1979	30.929999999999996
00007 1980	149.48000000000002
00007 1982	-12.14
00007 1984	31.299999999999997
00007 1986	245.0
00007 1988	587.89
00007 1991	156.91000000000003
00007 1993	158.48
00007 1995	-6.800000000000004
00007 1997	135.6
00007 1999	73.43
00007 2000	58.56
00007 2002	127.38999999999999
00007 2004	105.41
00007 2006	183.55
00007 2008	297.5
00008 1901	103.49
00008 1903	48.5
00008 1905	414.74
00008 1907	291.22
00008 1909	38.870000000000005
00008 1910	162.73
00008 1912	305.88
00008 1914	141.29
00008 1916	94.37
00008 1918	62.18000000000001
00008 1921	24.35
00008 1923	100.4
00008 1925	-41.18
00008 1927	59.54
00008 1929	76.63
00008 1930	206.5
00008 1932	70.63
00008 1934	177.76
00008 1936	182.43
00008 1938	404.75
00008 1941	345.87999999999994
00008 1943	262.21
00008 1945	58.28
00008 1947	354.66999999999996
00008 1949	213.95000000000002
00008 1950	-56.599999999999994
00008 1952	40.67
00008 1954	45.980000000000004
00008 1958	203.83
00008 1961	206.82
00008 1963	104.24000000000001
00008 1965	108.43
00008 1967	310.65
00008 1969	250.23000000000002
00008 1970	222.44
00008 1972	-36.29
00008 1974	-41.489999999999995
00008 1976	101.22
00008 1978	102.09000000000002
00008 1981	200.42
00008 1983	145.08
00008 1985	-11.870000000000001
00008 1987	50.099999999999994
00008 1989	-60.370000000000005
00008 1990	187.49
00008 1992	140.88
00008 1994	101.1
00008 1996	217.7
00008 1998	310.04999999999995
00008 2001	149.38
00008 2003	216.79
00008 2005	58.2
00008 2007	122.13
00008 2009	323.3500000000001
00009 1900	341.97
00009 1902	456.51
00009 1904	78.94000000000001
00009 1906	49.699999999999996
00009 1908	184.02
00009 1911	316.20000000000005
00009 1913	663.3100000000001
00009 1915	149.82
00009 1917	375.86999999999995
00009 1919	180.38000000000002
00009 1920	247.87
00009 1922	518.25
00009 1924	281.28000000000003
00009 1926	243.48000000000005
00009 1928	361.24
00009 1931	519.37
00009 1933	212.28000000000003
00009 1935	464.58
00009 1937	379.91
00009 1939	445.27000000000004
00009 1940	278.31
00009 1942	345.84000000000003
00009 1944	241.09999999999997
00009 1946	310.57
00009 1948	306.9200000000001
00009 1951	188.52999999999997
00009 1953	347.88
00009 1955	322.98
00009 1957	275.06
00009 1959	437.01
00009 1960	331.96
00009 1962	378.67999999999995
00009 1964	321.03
00009 1966	1274.1999999999996
00009 1968	452.18000000000006
00009 1971	283.89
00009 1973	329.9
00009 1975	578.38
00009 1977	317.01
00009 1979	483.16999999999996
00009 1980	158.51
00009 1982	410.39
00009 1984	334.27
00009 1986	365.15
00009 1988	366.74
00009 1991	449.2200000000001
00009 1993	431.90999999999997
00009 1995	651.1799999999998
00009 1997	106.21000000000001
00009 1999	467.31
00009 2000	289.52
00009 2002	421.76
00009 2004	280.7
00009 2006	275.11999999999995
00009 2008	397.7300000000001
00010 1900	6.189999999999998
00010 1902	254.74
00010 1904	16.81
00010 1906	80.12
00010 1908	287.45
00010 1913	89.50999999999999
00010 1915	122.47
00010 1917	-18.66
00010 1919	218.55
00010 1920	-33.07
00010 1922	48.13
00010 1924	12.1
00010 1926	42.79
00010 1928	56.599999999999994
00010 1931	-5.439999999999998
00010 1933	149.41
00010 1937	24.04
00010 1940	124.97
00010 1942	179.86
00010 1944	5.510000000000002
00010 1946	-1.09
00010 1948	111.0
00010 1951	68.94999999999999
00010 1953	73.14
00010 1955	-0.9799999999999995
00010 1957	75.05000000000001
00010 1959	178.17000000000002
00010 1960	63.38000000000001
00010 1962	125.02
00010 1964	53.56
00010 1966	29.62
00010 1968	44.17
00010 1971	95.96
00010 1975	107.43
00010 1977	210.0
00010 1979	62.76
00010 1980	57.71
00010 1982	85.36
00010 1984	203.79000000000002
00010 1986	28.56
00010 1991	290.54
00010 1993	142.81
00010 1999	176.44
00010 2000	34.08
00010 2002	29.429999999999996
00010 2004	-3.5500000000000007
00010 2006	201.60000000000002
00010 2008	54.45
