00001 1901	253.32999999999998
00001 1903	451.34000000000003
00001 1905	9.949999999999996
00001 1907	-26.3
00001 1909	343.55
00001 1910	56.459999999999994
00001 1912	-6.73
00001 1914	82.36
00001 1916	16.92
00001 1918	91.89999999999999
00001 1921	67.98
00001 1923	137.22
00001 1925	193.3
00001 1927	-7.48
00001 1929	158.7
00001 1930	221.64
00001 1932	113.69
00001 1934	153.94
00001 1936	402.28999999999996
00001 1938	22.599999999999998
00001 1941	152.15
00001 1943	159.95999999999998
00001 1945	267.46000000000004
00001 1947	-39.47
00001 1949	201.60000000000002
00001 1950	164.64
00001 1952	15.8
00001 1954	189.82999999999998
00001 1956	170.9
00001 1958	152.26999999999998
00001 1961	97.59999999999998
00001 1963	170.88
00001 1965	167.49
00001 1967	279.2
00001 1969	81.96000000000001
00001 1970	250.89
00001 1972	137.06
00001 1974	59.129999999999995
00001 1976	147.04
00001 1978	149.51
00001 1981	60.89
00001 1983	244.82
00001 1985	74.56
00001 1987	-23.610000000000007
00001 1989	70.09
00001 1990	163.73000000000002
00001 1992	190.35000000000002
00001 1994	67.09
00001 1996	253.71
00001 1998	28.920000000000005
00001 2001	-37.1
00001 2003	38.85
00001 2005	170.85000000000002
00001 2007	50.02
00001 2009	201.17000000000002
00003 1903	-18.46
00003 1905	262.5
00003 1907	196.24
00003 1910	-82.33999999999999
00003 1912	160.45
00003 1914	146.72
00003 1916	76.63
00003 1918	134.39
00003 1921	187.19
00003 1923	-33.54
00003 1927	54.44
00003 1929	41.25
00003 1930	90.98
00003 1932	342.62
00003 1934	118.11999999999999
00003 1936	118.44999999999999
00003 1938	-5.98
00003 1941	99.84
00003 1943	-17.85
00003 1945	122.17
00003 1947	53.64
00003 1949	191.48000000000002
00003 1950	88.97
00003 1952	61.66
00003 1954	70.67
00003 1956	26.63000000000001
00003 1958	26.9
00003 1961	63.72
00003 1963	158.64
00003 1965	-7.040000000000003
00003 1967	68.48
00003 1969	211.65
00003 1970	48.300000000000004
00003 1972	84.35000000000001
00003 1976	72.01
00003 1978	38.84
00003 1981	265.04
00003 1983	48.09
00003 1987	153.8
00003 1989	71.64999999999999
00003 1990	209.66000000000003
00003 1992	229.2
00003 1994	170.7
00003 1996	221.67999999999998
00003 1998	-64.61999999999999
00003 2001	116.59
00003 2003	5.21
00003 2005	203.17000000000002
00003 2007	-39.22
00003 2009	104.57
00004 1900	152.11
00004 1902	83.82
00004 1904	92.79
00004 1906	260.13
00004 1911	25.740000000000002
00004 1913	79.74
00004 1915	41.75
00004 1917	55.1
00004 1919	79.47
00004 1920	72.03999999999999
00004 1922	119.32
00004 1924	92.22
00004 1926	87.56
00004 1928	98.81
00004 1931	111.81
00004 1935	96.07
00004 1937	199.15
00004 1939	228.76
00004 1940	31.339999999999996
00004 1942	-15.83
00004 1944	89.9
00004 1946	80.09
00004 1948	125.55
00004 1951	154.17000000000002
00004 1953	361.8
00004 1955	120.39999999999999
00004 1957	86.52
00004 1959	135.81
00004 1960	-18.14
00004 1962	134.12
00004 1964	90.06
00004 1966	49.82
00004 1968	78.63
00004 1971	198.87
00004 1973	40.31
00004 1975	70.58
00004 1979	36.08
00004 1980	99.96
00004 1982	105.44
00004 1986	40.29
00004 1988	-8.56
00004 1991	103.11
00004 1993	93.38
00004 1995	71.71
00004 1997	106.46000000000001
00004 1999	59.9
00004 2002	168.06
00004 2004	-34.79
00004 2006	55.629999999999995
00004 2008	83.59
00005 1901	58.06000000000001
00005 1903	270.61
00005 1905	137.97
00005 1907	466.13
00005 1909	560.78
00005 1910	112.89
00005 1912	338.95
00005 1914	345.47
00005 1916	126.64
00005 1918	208.19999999999996
00005 1921	23.239999999999995
00005 1923	186.41000000000003
00005 1925	88.48000000000002
00005 1927	165.95999999999998
00005 1929	-9.529999999999994
00005 1930	-0.18000000000000682
00005 1932	45.78000000000001
00005 1934	392.1
00005 1936	203.34
00005 1938	126.82
00005 1941	20.740000000000006
00005 1943	151.02999999999997
00005 1945	270.11
00005 1947	326.96
00005 1949	263.0
00005 1950	206.54999999999998
00005 1952	326.57000000000005
00005 1954	286.28000000000003
00005 1956	178.05999999999997
00005 1958	84.24000000000001
00005 1961	390.12
00005 1963	452.73999999999995
00005 1965	204.91
00005 1967	207.41
00005 1969	187.53
00005 1970	-38.46000000000001
00005 1972	245.57000000000002
00005 1974	153.37
00005 1976	257.51
00005 1978	326.77
00005 1981	349.39
00005 1983	232.45999999999998
00005 1985	242.35
00005 1987	282.15
00005 1989	64.9
00005 1990	325.82
00005 1992	431.08000000000004
00005 1994	216.98000000000002
00005 1996	449.92
00005 1998	197.97
00005 2001	111.68
00005 2003	219.49
00005 2005	123.95
00005 2007	144.94
00005 2009	38.79
00006 1900	-11.000000000000004
00006 1902	234.45
00006 1904	236.85999999999999
00006 1906	47.59
00006 1908	189.23999999999998
00006 1911	315.1
00006 1913	165.68
00006 1915	138.7
00006 1917	101.71
00006 1919	155.86
00006 1920	94.92999999999999
00006 1922	146.01
00006 1924	188.54000000000002
00006 1926	309.25
00006 1928	59.989999999999995
00006 1931	25.790000000000003
00006 1933	203.3
00006 1935	254.20000000000002
00006 1937	172.52
00006 1939	175.21999999999997
00006 1940	-21.640000000000008
00006 1942	289.59000000000003
00006 1944	301.25
00006 1946	151.78000000000003
00006 1948	27.67
00006 1951	231.76
00006 1953	295.96000000000004
00006 1955	60.34
00006 1957	224.54000000000002
00006 1959	227.04999999999998
00006 1960	206.27
00006 1962	273.25
00006 1964	51.480000000000004
00006 1966	85.30000000000001
00006 1968	69.57999999999998
00006 1971	123.53000000000002
00006 1973	241.58
00006 1975	-18.229999999999983
00006 1977	348.31
00006 1979	145.61
00006 1980	239.00000000000003
00006 1982	223.87
00006 1984	323.23999999999995
00006 1986	129.48
00006 1988	338.11
00006 1991	328.3
00006 1993	361.99
00006 1995	289.0
00006 1997	225.10000000000002
00006 1999	95.87999999999998
00006 2000	180.96
00006 2002	90.57
00006 2004	288.21000000000004
00006 2006	278.72
00006 2008	323.98
00007 1901	275.98
00007 1903	49.02
00007 1905	35.430000000000014
00007 1907	164.43000000000004
00007 1909	19.05
00007 1910	-65.41999999999999
00007 1912	157.26999999999998
00007 1914	19.17
00007 1916	98.57999999999998
00007 1918	321.73
00007 1921	-36.27
00007 1923	384.01
00007 1925	182.73
00007 1927	71.11
00007 1929	118.59
00007 1930	31.01
00007 1932	-89.14
00007 1934	239.19
00007 1936	-55.230000000000004
00007 1938	116.59
00007 1941	157.29000000000002
00007 1943	310.24
00007 1945	155.02999999999997
00007 1947	290.94
00007 1949	-15.56
00007 1950	77.91
00007 1952	116.39
00007 1954	139.02999999999997
00007 1956	111.67999999999999
00007 1958	147.76000000000002
00007 1961	127.16999999999999
00007 1963	11.05
00007 1965	97.07
00007 1967	36.17999999999999
00007 1969	23.12000000000001
00007 1970	415.31000000000006
00007 1972	225.33999999999997
00007 1974	111.28999999999999
00007 1976	205.65
00007 1978	-11.34
00007 1981	187.15
00007 1983	257.12
00007 1985	13.860000000000007
00007 1987	79.53999999999999
00007 1989	333.34000000000003
00007 1990	43.99
00007 1992	49.22
00007 1994	114.96
00007 1996	114.6
00007 1998	-10.980000000000004
00007 2001	59.019999999999996
00007 2003	196.7
00007 2005	-2.240000000000002
00007 2007	11.020000000000003
00007 2009	168.34999999999997
00008 1900	291.44
00008 1902	70.88
00008 1904	232.72000000000003
00008 1906	44.25
00008 1908	103.71
00008 1911	142.70000000000002
00008 1913	146.69
00008 1915	218.14999999999998
00008 1917	41.53
00008 1919	254.79999999999998
00008 1920	79.56
00008 1922	143.64
00008 1924	82.79
00008 1926	467.21000000000004
00008 1928	189.05999999999997
00008 1931	174.64
00008 1933	117.47
00008 1935	140.09
00008 1937	136.5
00008 1939	111.43000000000002
00008 1940	39.57
00008 1942	29.43
00008 1944	145.16000000000003
00008 1946	113.99
00008 1948	232.76000000000005
00008 1951	128.10999999999999
00008 1953	268.83000000000004
00008 1955	148.0
00008 1957	-19.309999999999988
00008 1959	26.199999999999996
00008 1960	141.69
00008 1962	17.089999999999996
00008 1964	48.949999999999996
00008 1966	16.419999999999995
00008 1968	239.63
00008 1971	161.32
00008 1973	12.8
00008 1975	92.01
00008 1977	36.58
00008 1979	85.97
00008 1980	-18.79
00008 1982	177.57
00008 1984	182.75999999999996
00008 1986	55.769999999999996
00008 1988	83.18
00008 1991	307.83000000000004
00008 1993	268.61
00008 1995	361.0
00008 1997	169.32
00008 1999	101.58
00008 2000	17.570000000000004
00008 2002	64.07000000000001
00008 2004	40.07000000000001
00008 2006	98.82000000000001
00008 2008	227.38
00009 1901	243.56000000000003
00009 1903	277.03
00009 1905	400.38000000000005
00009 1907	245.85999999999996
00009 1909	568.39
00009 1910	504.80999999999995
00009 1912	470.26
00009 1914	227.74
00009 1916	184.52
00009 1918	327.02000000000004
00009 1921	182.83
00009 1923	545.5799999999999
00009 1925	279.73
00009 1927	571.3300000000002
00009 1929	333.75
00009 1930	206.07
00009 1932	65.30000000000001
00009 1934	278.05
00009 1936	422.1
00009 1938	438.6
00009 1941	464.74
00009 1943	550.8700000000001
00009 1945	400.91999999999996
00009 1947	338.4
00009 1949	397.58000000000004
00009 1950	471.83
00009 1952	325.71
00009 1954	14.349999999999998
00009 1956	364.10999999999996
00009 1958	465.63999999999993
00009 1961	251.53000000000006
00009 1963	199.41000000000005
00009 1965	481.94999999999993
00009 1967	206.61000000000004
00009 1969	287.84999999999997
00009 1970	273.97999999999996
00009 1972	289.45000000000005
00009 1974	433.05999999999995
00009 1976	444.67
00009 1978	112.63
00009 1981	379.27000000000004
00009 1983	85.21
00009 1985	344.72
00009 1987	100.70999999999998
00009 1989	122.01000000000002
00009 1990	388.78
00009 1992	460.67
00009 1994	367.28
00009 1996	675.0
00009 1998	159.93
00009 2001	-24.849999999999998
00009 2003	774.5699999999999
00009 2005	8.579999999999995
00009 2007	499.06
00009 2009	154.2
00010 1901	148.52
00010 1903	165.89
00010 1905	-37.02
00010 1907	69.53
00010 1909	-8.82
00010 1910	41.86
00010 1912	155.31
00010 1914	159.87
00010 1918	79.84
00010 1921	38.92
00010 1923	12.67
00010 1925	1.12
00010 1929	195.48000000000002
00010 1930	54.18
00010 1932	30.02
00010 1934	29.36
00010 1936	-20.830000000000002
00010 1938	145.05
00010 1941	-12.7
00010 1943	283.93000000000006
00010 1945	31.14
00010 1947	100.78
00010 1949	70.42
00010 1950	4.8
00010 1952	125.35000000000001
00010 1954	16.47
00010 1956	-78.50999999999999
00010 1958	77.17
00010 1961	214.67
00010 1963	103.36
00010 1965	210.11999999999998
00010 1967	79.1
00010 1969	-11.869999999999997
00010 1970	200.18
00010 1972	-7.4
00010 1974	11.18
00010 1976	68.0
00010 1978	193.23000000000002
00010 1981	68.18
00010 1983	145.14
00010 1985	138.1
00010 1987	132.11
00010 1989	-3.34
00010 1990	110.55000000000001
00010 1992	24.01
00010 1994	48.540000000000006
00010 1998	54.489999999999995
00010 2001	122.99
00010 2003	134.61
00010 2005	37.3
00010 2007	29.83
00010 2009	183.49
